
99638
99639
99640
99641
99643
99644
99645
99647
99648
99649
99650
99651
99652
99653
99654
99655
99656
99657
99658
99659
99660
99661
99662
99663
99664
99665
99666
99667
99668
99669
99670
99671
99672
99674
99675
99676
99677
99678
99679
99680
99681
99682
99683
99684
99685
99686
99687
99688
99689
99690
99691
99692
99693
99694
99695
99697
99701
99702
99703
99704
99705
99706
99707
99708
99709
99710
99711
99712
99714
99716
99720
99721
99722
99723
99724
99725
99726
99727
99729
99730
99732
99733
99734
99736
99737
99738
99739
99740
99741
99742
99743
99744
99745
99746
99747
99748
99749
99750
99751
99752
99753
99754
99755
99756
99757
99758
99759
99760
99761
99762
99763
99764
99765
99766
99767
99768
99769
99770
99771
99772
99773
99774
99775
99776
99777
99778
99779
99780
99781
99782
99783
99784
99785
99786
99788
99789
99790
99791
99801
99802
99803
99811
99820
99821
99824
99825
99826
99827
99829
99830
99832
99833
99835
99836
99840
99841
99850
99901
99903
99918
99919
99921
99922
99923
99925
99926
99927
99928
99929
99950